0 2 7658540106213816
0 2 7803012962740533
0 2 12723097119988088
0 2 12799184136870195
0 2 14405683609303193
0 2 14524317875730477
0 2 14948764242917481
0 2 15034500931565595
0 2 20150307978988260
0 2 20235928252304022
0 2 28858999423488716
0 2 28935539166663303
0 2 29613729920719800
0 2 29758086361914165
0 2 33826783575159705
0 2 33945870567879469
0 2 38111723470048466
0 2 38230810462768230
0 2 42299507676013770
0 2 42443864117208135
0 2 43122054871264632
0 2 43198594614439219
0 2 51821665785623913
0 2 51907286058939675
0 2 57023093106362340
0 2 57108829795010454
0 2 57533276162197458
0 2 57651910428624742
0 2 59258409901057740
0 2 59334496917939847
0 2 64254581075187402
0 2 64399053931714119
8 0 6378634344189168
8 0 6378861088263408
8 0 11635331253980400
8 0 11635763351178480
8 0 15385834672407792
8 0 15386335220647152
8 0 16139365125507312
8 0 16139480636639472
8 0 19608867919641840
8 0 19609060438195440
8 0 24077202963053808
8 0 24077831856995568
8 0 24147709145659632
8 0 24148201137518832
8 0 24252227182710000
8 0 24252659279908080
8 0 24270253612910832
8 0 24270369124042992
8 0 38937102612446448
8 0 38937731506388208
8 0 47593827711372528
8 0 47594054455446768
8 0 47629013156938992
8 0 47629513705178352
8 0 47926789893012720
8 0 47926982411566320
8 0 48067596100580592
8 0 48067720168092912
8 0 55637733657818352
8 0 55637857725330672
8 0 56951638560356592
8 0 56952130552215792
